87856
85501
108675
99355
109557
82714
75340
102111
91670
106098
88754
108997
82692
77302
104596
107748
103971
88103
87370
92098
97713
78987
107915
75024
80316
92618
102645
74339
72863
82449
84540
109659
89462
102070
78756
75616
107365
81745
94653
104263
103628
107471
91719
99715
84061
89913
105907
84828
95954
89335
82943
89756
82975
80817
100674
86122
107652
89554
80071
90810
84048
75512
86185
91288
90336
87372
83389
76617
82809
72485
87124
82865
77723
102026
108140
87795
109696
84145
78991
98775
97153
91779
82199
77860
87241
83044
79754
101912