78237
81704
102188
74251
89556
77044
78808
79549
83656
104019
87802
75771
79177
95154
82741
107833
95361
95792
99963
74892
87250
106971
82346
100088
76197
106724
107633
101392
77080
76394
74007
82778
79344
106770
104488
100162
109471
105089
92498
108194
91612
92635
100597
76018
109425
91615
78988
108363
95419
86658
86604
96491
86055
103723
75267
76249
81622
89014
82602
107510
104705
88505
99810
91625
84109
89616
91622
106695
109888
89071
74749
85493
100578
109257
87939
109096
72034
85298
72607
80389
75287
104975
90549
74952
88313
106610
92226
84185
83308
78995
84775
97362
93736
92079
89267
87103
108129
89465
83352
85899
106843
77373
89695
80149
77146
81296
87195
90774
102568
101742
78249
92169
82908
104665
82339
107642
80690
78247
94056
95184
94432
89346
91326
100291
103242
109778
96907
89118
100862
95929
101729
93040
92730
79367
74211
90609
94853
91945
101540
104807
76570
104838
86762
93875
74644
90461
98634
75193
104606
75158
85981
101389
85718
91571
88088
106311
106781
72762
82321
79173
105569
85900
78260
91355
71988
91796
98416
75942
76398
73083
85901
79175
71916
92522
75742
82786
108622
95796
97451
106727
100272
107057
92918
99538
109333
87601
97655
105736
84595
85681
103576
107774
77908
91076
87711
96836
77352
95643
85842
97319
109011
85077
86296
108795
72047
78777
90569
82209
103319
91245
90532
104309
91280
83583
97184
108357
106252
101289
77739
74980
79491
103185
101280
82429
73174
108310
101294
89652
109238
101293
95437
88343
92847
77126
89898
91867
81234
76009
78731
106027
103935
108343
78997
83903
109450
85438
107508
109855
84575
81463
80748
87332
76668
91268
105661
105833
84312
82647
98540
75677
87849
83283
77099
82190
100091
96304
94833
106950
81516
91516
73656
88631
105912
96530
83486
83029
91940
80660
96537
104261
90657
109317
80055
99944
85376
108838
73858
90008
80695
89972
94605
104658
91521
106302
87824
91519
107011
83814
98652
100006
77835
109149
109515