85395
91598
83257
91130
72509
89962
81905
81750
84214
84684
72598
91590
82517
82180
88023
76360
79388
74658
92001
76284
81623
85283
73501
103528
86098
78786
77198
86099
85086
78929
75860
82857
79299
77932
87575
76670
78509
91863
79045
87709
88580
81890
72255
72209
91050
76662
85033
76208
74900
73742
82041
79677
83364
75078
91178
82133
89948
86157
83889
82736
83274
83289
90652
76546
77831
78879
85789
81547
89527
77253
81974
84630
82391
75318
84071
82524
75973
79923
88677
83253
88813
72363
83665
89509
86789
83252
91936
85229
83929
77337
76211
88197
86862
76280
85874
85048
77936
91619
74585
80754
91046
81218
89623
76288
79006
78782
80738
76047
90116
82043
78939
83335
76204
79826
77379
72861
76267
86416
79014
92080
82444
75813
90723
84856
75392
72715
88691
74679
79730
84496
90895
80431
77868
86358
88003
78818
84497
90400
75591
90269
87678