103857
101367
85950
103868
105539
52335
101994
102712
91358
104213
98477
104822
73824
108071
79989
91536
96528
80016
77445
75527
101357
72395
79319
97464
95750
89330
96748
104016
76139
83661
65971
89952
84215
98688
79386
98816
73825
90564
91019
90751
101418
80191
83519
86804
90350
92251
102006
94155
76475
100793
92099
88352
95284
97371
83349
85878
78318
86256
104950
97519
107785
94196
74543
94154
88391
96260
74754
99497
75216
106023
83104
83594
99667
81263
87167
51449
83365
99602
102627
86048
80146
84720
84176
87156
106228
76239
104918
94179
74132
86680
96076
87336
105457
96875
105239
88174
88180
95002
92643
95466
90910
105067
105093
99603
108111
94547
85093
84373
107826
80004
95380
107819
79992
80655
84033
107821
106104
104495
96362
75309
81577
84698
102330
91988
96365
109519
91321
81523
78813
105170
96364
108257
94854
109520
96363
108096
88292
60047
107829
107820
80002
73466
72316
96160
80005
66147
107818
103616
60025
102161
97227
90466
102157
77296
73675
99555
67844
108075
94275
107839
77219
97435
82114
96170
82140
81964
84618
75514
77071
92583
87051
79771
81963
73610
66931
100610
103402
106583
93863
88073
104015
100228
77644
89190
84012
99967
49120
74608
97200
102710
106140
52798
88682
104908
85686
103582
90391
82002
94997
97147
90752
74729
89011
90909
90763
102290
95686
75206
108508
91873
107788
94168
88361
104909
100156
108332
75864
104396
108769
105627
57315
102418
74155
77172
99601
73946
87334
74750
85464
76232
104746
87598
88524
88178
93968
93154
73924
75075
99600
54759
101850
88318
107904
88179
96615
100746
73784
83562
78362
84771
83933
94174
79331
100857
109318
72188
94661
91925
92902
105174
107822
96368
106107
79996
74825
108067
108093
79998
91527
89345
106552
105915
97247
104454
91349
91315
75369
88838
79753
88467
92552
80063
86334
108095
96367
96358
94857
108898
107824
95376
96356
80001
91341
73465
96369
106106