104088
100241
92325
76392
84249
105392
77017
95995
77677
76107
72934
78035
98874
90473
73276
103431
77824
75580
85761
81335
105106
95993
81429
100350
76248
101285
106439
76246
79854
76215
97516
80767
89628
94163
107313
83376
75258
77968
92490
92857
80902
89424
99689
84597
78394
104577
94512
79884
73112
103763
100115
103132
72435
78302
73170
84182
100177
82216
73787
92610
100317
91896
90988
106477
85890
90125
87448
81114
97288
104094
105380
104093
73405
96938
100405
83242
84067
77467
99777
82338
80237
107626
80855
89580
104092
104059
82353
104061
73403
105711
100051
72387
104095
76718
105103
91169
91532
78258
98442
103807
97290
90889
86177
79323
89760
96582
74863
96744
82585
105133
98488
103808
106541
89732
92920
83264
84084
107577
94169
86655
77798
73338
98795
94167
74577
94160
85476
79031
89488
89615
105674
99474
77594
80765
83928
76243
105620
77527
105408
83702
107358
85295
105203
86488
108972
93934
75623
73349
106847
86240
89239
109466
108170
95407
106646
96075
104090
104097
94001
71969
84064
107677
81545
77491
94436
104096
108032
82191
104091
82539
106761
79952
98460
103814
109176
72118
103813