
93235
99790
91360
75978
94018
103603
79140
93315
100734
96651
93145
86000
93142
72648
103985
106090
101089
96454
86008
106037
100106
109286
79607
109844
84335
94720
108349
92446
75077
90743
72630
95654
97309
88315
108785
108312
96708
78086
102364
100068
105942
92330
92102
105321
82797
95975
91781
93680
86707
106772
71921
87206
109537
82577
79725
102328
89198
81193
99361
108480
104244
94689
108683
101193
92170
108074
102513
109284
96291
89812
99884
89018
101415
78119
99677
99822
96801
76439
96823
86877
75481
72465
93792
72408
84979
98728
76348
109547
104802
75138
77462
95914
105371
108637
94408
106934
92530