
105552
99560
97294
73429
93465
103858
91303
83097
106940
74261
85108
94283
100474
94284
108330
102251
106203
85812
109014
90565
79662
104198
75269
90956
73333
103746
101815
95247
98748
105035
87559
92288
96829
79212
78562
105698
83559
82628
108575
90541
91236
93083
109379
108202
87629
103479
89349
105579
95789
104050
86781
83456
93456
90229
101503
96944
84644
72391
79007
107585
90158
77701
83944
94135
106290
109467
85895
105868
85439
91659
82282
91632
86016
103536
108513
90347
98929
92419
76173
109788
87489
88652
96750
108639