80223
88811
87062
82526
104223
103805
88425
108245
95500
88798
91028
94509
73109
72017
82202
94969
72879
101877
82091
95813
106491
82007
82235
76679
79069
104910
77780
102013
80345
109603
72663
91059
77374
100716
72639
83449
104450
77800
72318
84493
77697
82157
91193
83630
76365
106710
74297
76362
91102
106721
82578
74451
106986
84626
76686
77906
86236
89613
89042
73534
95611
76687
78588
74345
83185
87735
96212
105694
74305
103152
90587
78594
81437
73250
74278
81181
107278
107021
84037
93846
77496
79906
101187
72377
90205
81544
83445