72356
75348
81393
79582
89996
88844
75915
84641
83000
81565
87498
87453
86581
78255
88076
77489
87465
75312
90846
74234
78290
78836
90213
89753
88681
91599
88440
89364
88242
87038
87497
90420
91196
91165
86314
71915
88628
87660
78092
87658
72072
75062
85248
76241
72427
80966
84536
82695
90734
80932
79865
91624
90530
77705
88567
84702
73369
82268
86097
78743
73902
78184
87102
85209
74301
74504
81855
75874
91034
78106
91606
73921
78506
88521
74309
87755
76654
87533
76855
91663
75424
78793
82939
88064
74817
88894
90061
77290
82167
87881
76974
90809
75354
86159
89976
75906
81329
75736
102166
80051
84637
72184
86167
90450
78823
79562
74873
79970
90842
91133
87056
74432
82381
84412
73414
73626
91939
86179
72556
78261
78259
87200
78091
88089
88815
83263
84845
79914
89137
90645
83094
73275
75185
74328
92093
92094
83576
92060
89614
73336
88732
78325
82852
88766
76289
86854
87744
84307
72476
73796
86005
87772
84391
85888
72619
86864
91211
90798
85091
84143
90771
73970
84520
90776
79023
107993
79873
75671
92081
77779
82677
73120
83564
82825
73543
80712
74702
90777
86641
90949
72651
77543
77260
73268
77856
78219
79132
87612
77858
89576
74271
75992
83625
83241
72784
75760
90098
82554
72128
74683
87822
91947
92100
90833
74877
75951
75139
72912
73006
84203
75554