109567
106510
75324
105935
85590
80224
96180
78200
107866
93834
91109
87499
75325
85426
84958
84956
93778
106065
78986
96605
84591
80994
96604
100547
101237
94988
104122
107939
82210
77381
94773
96078
81207
85492
90742
72298
77980
73807
76389
94033
74275
76146
72975
94601
74216
81124
97041
75791
91974
99144
88036
94032
74070
81592
88072
81908
90287
72352
84049
78834
96112
78833
75321
109562
73875
72353
85364
79313
98410
72192
84330
91078
105829
80336
95829
109824
72627
90797
72843
98360
84955
83917
95071
84954
81274
82405
105424
72046
89836
108326
88972
100324
80349
79819
94771
99067
79226
88320
86271
83757
86480
91053
86026
101949
92334
78828
88034
73602
96793
76778
91175
82139
75197
94036
89122
78827
99388
77660
98836
96164
73233